MEME version 5.0.4

ALPHABET "DNA" DNA-LIKE
A "Adenine" CC0000 ~ T "Thymine" 008000
C "Cytosine" 0000CC ~ G "Guanine" FFB300
N "Any base" = ACGT
X = ACGT
. = ACGT
V "Not T" = ACG
H "Not G" = ACT
D "Not C" = AGT
B "Not A" = CGT
M "Amino" = AC
R "Purine" = AG
W "Weak" = AT
S "Strong" = CG
Y "Pyrimidine" = CT
K "Keto" = GT
U = T
END ALPHABET

strands: + -

Background letter frequencies (from unknown source):
 A 0.250 C 0.250 G 0.250 T 0.250


MOTIF CRX_Corbo

letter-probability matrix: alength= 4 w= 8 nsites= 32 E= 0.0e+000
 0.209900  0.265000  0.160400  0.364700
 0.138500  0.021700  0.013100  0.826700
 0.802500  0.010300  0.129500  0.057700
 0.984500  0.003900  0.005500  0.006000
 0.029200  0.020300  0.167100  0.783400
 0.109300  0.748200  0.039700  0.102900
 0.071200  0.605300  0.032100  0.291300
 0.179800  0.319000  0.263800  0.237400

MOTIF VSX2.MA0726.1

letter-probability matrix: alength= 4 w= 7 nsites= 14681 E= 0
 0.029085  0.650773  0.030311  0.289830
 0.060077  0.151583  0.020192  0.768148
 0.923617  0.026553  0.022942  0.026888
 0.978044  0.008782  0.008712  0.004462
 0.008307  0.013094  0.006477  0.972122
 0.040520  0.036701  0.028934  0.893844
 0.800383  0.018605  0.122240  0.058772

URL http://jaspar.genereg.net/matrix/MA0726.1

MOTIF RAX2.MA0717.1

letter-probability matrix: alength= 4 w= 8 nsites= 38859 E= 0
 0.137265  0.406856  0.181399  0.274480
 0.080669  0.445404  0.038271  0.435655
 0.795806  0.062665  0.091950  0.049579
 0.921508  0.036116  0.017951  0.024425
 0.006751  0.018453  0.003126  0.971670
 0.045361  0.088587  0.052604  0.813447
 0.842548  0.057326  0.007805  0.092320
 0.345102  0.192661  0.318108  0.144129

URL http://jaspar.genereg.net/matrix/MA0717.1

MOTIF VSX2_e14.5.MEME-1

letter-probability matrix: alength= 4 w= 9
 0.050000 0.005000 0.000000 0.945000
 0.925000 0.028000 0.030000 0.017000
 1.000000 0.000000 0.000000 0.000000
 0.000000 0.000000 0.000000 1.000000
 0.000000 0.002000 0.000000 0.998000
 0.956000 0.000000 0.044000 0.000000
 0.046000 0.034000 0.912000 0.008000
 0.028000 0.861000 0.042000 0.069000
 0.151000 0.320000 0.030000 0.499000

MOTIF K88N_chipGain.MEME.1

letter-probability matrix: alength= 4 w= 11
 0.094556  0.008596  0.008596  0.888252
 0.985673  0.000000  0.014327  0.000000
 0.997135  0.000000  0.000000  0.002865
 0.000000  0.000000  0.022923  0.977077
 0.120344  0.146132  0.659026  0.074499
 0.166189  0.355301  0.011461  0.467049
 0.435530  0.126074  0.020057  0.418338
 0.948424  0.014327  0.031519  0.005731
 0.000000  0.000000  0.000000  1.000000
 0.008596  0.000000  0.000000  0.991404
 0.948424  0.000000  0.000000  0.051576

MOTIF RORB_HUMAN.MA1150.1

letter-probability matrix: alength= 4 w= 11 nsites= 1000 E= 0.0e+000
 0.785000  0.014000  0.029000  0.172000
 0.525475  0.025974  0.023976  0.424575
 0.233233  0.162162  0.201201  0.403403
 0.053000  0.165000  0.235000  0.547000
 0.602000  0.014000  0.358000  0.026000
 0.016000  0.025000  0.907000  0.052000
 0.032000  0.013000  0.928000  0.027000
 0.028000  0.146000  0.050000  0.776000
 0.047000  0.781000  0.017000  0.155000
 0.896000  0.015000  0.063000  0.026000
 0.205000  0.326000  0.145000  0.324000

URL http://jaspar.genereg.net/matrix/MA1150.1

MOTIF NRL_HUMAN.MA0842.1

letter-probability matrix: alength= 4 w= 11 nsites= 5786 E= 0.0e+000
 0.389043  0.133426  0.212236  0.265296
 0.439088  0.105063  0.151201  0.304648
 0.344971  0.153992  0.102834  0.398203
 0.241576  0.238120  0.213582  0.306722
 0.090677  0.199953  0.036736  0.672634
 0.008534  0.003926  0.987541  0.000000
 0.136911  0.839159  0.000000  0.023930
 0.068134  0.041275  0.012595  0.877997
 0.051302  0.013023  0.761115  0.174559
 0.868638  0.048191  0.022219  0.060952
 0.047010  0.571206  0.158140  0.223643

URL http://jaspar.genereg.net/matrix/MA0842.1

MOTIF  Nr2e3_MOUSE.MA0164.1

letter-probability matrix: alength= 4 w= 7
 0.173913  0.521739  0.086957  0.217391
 1.000000  0.000000  0.000000  0.000000
 1.000000  0.000000  0.000000  0.000000
 0.000000  0.043478  0.956522  0.000000
 0.000000  1.000000  0.000000  0.000000
 0.000000  0.000000  0.000000  1.000000
 0.000000  0.000000  0.000000  1.000000

URL http://jaspar.genereg.net/matrix/MA0164.1

MOTIF GFI1_MOUSE.H11MO.0.C

letter-probability matrix: alength= 4 w= 10 nsites= 150 E= 1.0e+000
 0.291469  0.069515  0.587580  0.051437
 0.077749  0.684556  0.139318  0.098377
 0.405185  0.100381  0.075645  0.418790
 0.052015  0.285514  0.563133  0.099338
 0.239209  0.016978  0.079967  0.663846
 0.000000  0.000000  1.000000  0.000000
 1.000000  0.000000  0.000000  0.000000
 0.000000  0.000000  0.000000  1.000000
 0.000000  0.000000  0.000000  1.000000
 0.103502  0.118062  0.190824  0.587611

URL http://hocomoco.autosome.ru/motif/GFI1_MOUSE.H11MO.0.C

MOTIF PRDM1.MA0508.2

letter-probability matrix: alength= 4 w= 10 nsites= 3785 E= 0
 0.181242  0.151387  0.146631  0.520740
 0.174901  0.561427  0.081902  0.181770
 0.996301  0.000528  0.002906  0.000264
 0.000793  0.997622  0.000264  0.001321
 0.001849  0.000528  0.006605  0.991017
 0.003699  0.000528  0.001585  0.994188
 0.006077  0.001321  0.000528  0.992074
 0.001585  0.997886  0.000528  0.000000
 0.464993  0.184148  0.045443  0.305416
 0.127081  0.641480  0.074505  0.156935

URL http://jaspar.genereg.net/matrix/MA0508.2

MOTIF PRDM1.MA0508.3

letter-probability matrix: alength= 4 w= 11 nsites= 55481 E= 0
 0.157928  0.320614  0.119645  0.401813
 0.309169  0.221481  0.158036  0.311314
 0.021611  0.950812  0.012635  0.014942
 0.023125  0.008417  0.014888  0.953570
 0.039311  0.024261  0.018222  0.918206
 0.032678  0.008796  0.010112  0.948415
 0.024819  0.963663  0.003731  0.007786
 0.063968  0.019394  0.025054  0.891585
 0.030821  0.952056  0.005227  0.011896
 0.189651  0.244534  0.073863  0.491952
 0.182477  0.315748  0.141688  0.360087

URL http://jaspar.genereg.net/matrix/MA0508.3

MOTIF NEUROD1_HUMAN.MA1109.1

letter-probability matrix: alength= 4 w= 10
 0.330850  0.141543  0.397020  0.130587
 0.564855  0.198072  0.216477  0.020596
 0.007450  0.981595  0.005697  0.005259
 0.982033  0.003067  0.007011  0.007888
 0.007011  0.010517  0.943032  0.039439
 0.891323  0.065732  0.033742  0.009202
 0.024102  0.022349  0.008326  0.945223
 0.005697  0.003067  0.977651  0.013585
 0.025855  0.040754  0.859772  0.073620
 0.163453  0.399211  0.183173  0.254163

URL http://jaspar.genereg.net/matrix/MA1109.1

MOTIF ASCL1_HUMAN.MA1100.1

letter-probability matrix: alength= 4 w= 9
 0.619257  0.098128  0.178673  0.103942
 0.030062  0.024674  0.941435  0.003829
 0.003971  0.981282  0.011061  0.003687
 0.967102  0.008650  0.010635  0.013613
 0.002978  0.039705  0.950510  0.006807
 0.023398  0.899461  0.074163  0.002978
 0.007799  0.009784  0.010210  0.972206
 0.002552  0.003403  0.990783  0.003261
 0.047362  0.310976  0.499575  0.142087

URL http://jaspar.genereg.net/matrix/MA1100.1

MOTIF ATOH7_HUMAN.MA1468.1

letter-probability matrix: alength= 4 w= 10
 0.702863  0.095755  0.140178  0.061204
 0.424157  0.296348  0.216292  0.063202
 0.000000  1.000000  0.000000  0.000000
 0.816514  0.000000  0.116972  0.066514
 0.016816  0.118834  0.066143  0.798206
 0.734021  0.185567  0.080412  0.000000
 0.000000  0.032808  0.032808  0.934383
 0.000000  0.000000  1.000000  0.000000
 0.007022  0.217697  0.366573  0.408708
 0.023256  0.547196  0.002736  0.426813

URL http://jaspar.genereg.net/matrix/MA1468.1

MOTIF Bhlhe40_MOUSE.MA0464.1 

letter-probability matrix: alength= 4 w= 11
 0.102885  0.434574  0.399329  0.063212
 0.308087  0.033156  0.199064  0.459694
 0.000000  1.000000  0.000000  0.000000
 1.000000  0.000000  0.000000  0.000000
 0.000000  0.917046  0.000000  0.082954
 0.181916  0.070046  0.748038  0.000000
 0.000000  0.000000  0.000000  1.000000
 0.000000  0.000000  1.000000  0.000000
 0.244179  0.754176  0.001645  0.000000
 0.419451  0.269236  0.021830  0.289484
 0.128322  0.398190  0.232916  0.240572

URL http://jaspar.genereg.net/matrix/MA0464.1

MOTIF MAZ_MOUSE.H11MO.1.A

letter-probability matrix: alength= 4 w= 11 nsites= 486 E= 1.0e+000
 0.323045  0.137860  0.512346  0.026749
 0.487654  0.045267  0.368313  0.098765
 0.065844  0.006173  0.921811  0.006173
 0.000000  0.000000  0.989712  0.010288
 0.002058  0.006173  0.989712  0.002058
 0.648148  0.302469  0.000000  0.049383
 0.028807  0.002058  0.967078  0.002058
 0.004115  0.000000  0.989712  0.006173
 0.123457  0.016461  0.837449  0.022634
 0.123457  0.006173  0.866255  0.004115
 0.115226  0.341564  0.469136  0.074074

URL http://hocomoco.autosome.ru/motif/MAZ_MOUSE.H11MO.1.A

MOTIF MEF2D_MOUSE.H11MO.0.A

letter-probability matrix: alength= 4 w= 14 nsites= 500 E= 1.0e+000
 0.294000  0.060000  0.302000  0.344000
 0.072000  0.074000  0.488000  0.366000
 0.026000  0.754000  0.060000  0.160000
 0.002000  0.024000  0.006000  0.968000
 0.962000  0.000000  0.004000  0.034000
 0.058000  0.004000  0.004000  0.934000
 0.080000  0.022000  0.008000  0.890000
 0.090000  0.032000  0.006000  0.872000
 0.296000  0.090000  0.014000  0.600000
 0.076000  0.010000  0.050000  0.864000
 0.764000  0.000000  0.224000  0.012000
 0.086000  0.034000  0.788000  0.092000
 0.302000  0.474000  0.064000  0.160000
 0.310000  0.286000  0.086000  0.318000

URL http://hocomoco.autosome.ru/motif/MEF2D_MOUSE.H11MO.0.A

MOTIF NDF1_MOUSE.H11MO.0.A

letter-probability matrix: alength= 4 w= 10 nsites= 500 E= 1.0e+000
 0.434000  0.072000  0.470000  0.024000
 0.524000  0.208000  0.266000  0.002000
 0.022000  0.976000  0.002000  0.000000
 0.998000  0.000000  0.000000  0.002000
 0.002000  0.000000  0.974000  0.024000
 0.730000  0.220000  0.050000  0.000000
 0.008000  0.000000  0.000000  0.992000
 0.002000  0.000000  0.992000  0.006000
 0.008000  0.048000  0.768000  0.176000
 0.076000  0.396000  0.126000  0.402000

URL http://hocomoco.autosome.ru/motif/NDF1_MOUSE.H11MO.0.A

MOTIF FOXP1_HUMAN.MA0481.2

letter-probability matrix: alength= 4 w= 12 nsites= 4266 E= 0
 0.351383  0.212846  0.232771  0.203000
 0.359822  0.062588  0.225738  0.351852
 0.069620  0.011721  0.904360  0.014299
 0.031880  0.035631  0.024144  0.908345
 0.956634  0.030474  0.006564  0.006329
 0.945617  0.033286  0.004219  0.016878
 0.976324  0.004688  0.013127  0.005860
 0.008908  0.932255  0.007032  0.051805
 0.962260  0.003282  0.008673  0.025785
 0.211908  0.159165  0.509142  0.119784
 0.353493  0.202297  0.219175  0.225035
 0.305438  0.220581  0.212377  0.261603

URL http://jaspar.genereg.net/matrix/MA0481.2

MOTIF FOXP1_HUMAN.MA0481.3

letter-probability matrix: alength= 4 w= 11 nsites= 74718 E= 0
 0.361118  0.186140  0.222637  0.230105
 0.359739  0.083099  0.189191  0.367970
 0.140033  0.021052  0.797278  0.041637
 0.016181  0.009730  0.012313  0.961776
 0.931543  0.028039  0.014361  0.026058
 0.873096  0.067815  0.024492  0.034597
 0.937257  0.019901  0.015150  0.027691
 0.017881  0.817661  0.019982  0.144477
 0.916192  0.025482  0.010024  0.048302
 0.270484  0.230667  0.212077  0.286772
 0.347627  0.191547  0.171431  0.289395

URL http://jaspar.genereg.net/matrix/MA0481.3

MOTIF Six3_MOUSE.MA0631.1

letter-probability matrix: alength= 4 w= 17 nsites= 99 E= 0
 0.333333  0.090909  0.363636  0.212121
 0.720000  0.080000  0.080000  0.120000
 0.230000  0.050000  0.170000  0.550000
 0.474747  0.101010  0.323232  0.101010
 0.070000  0.070000  0.820000  0.040000
 0.019802  0.019802  0.891089  0.069307
 0.160000  0.010000  0.830000  0.000000
 0.000000  0.000000  0.040404  0.959596
 0.970000  0.000000  0.030000  0.000000
 0.000000  0.000000  0.000000  1.000000
 0.010101  0.979798  0.000000  0.010101
 0.920000  0.030000  0.030000  0.020000
 0.190000  0.450000  0.090000  0.270000
 0.250000  0.230000  0.200000  0.320000
 0.404040  0.080808  0.111111  0.404040
 0.336634  0.217822  0.178218  0.267327
 0.079208  0.108911  0.237624  0.574257

URL http://jaspar.genereg.net/matrix/MA0631.1

MOTIF NFIX_HUMAN.MA0671.1

letter-probability matrix: alength= 4 w= 9 nsites= 32864 E= 0
 0.241936  0.268074  0.265488  0.224501
 0.238315  0.186648  0.330301  0.244736
 0.188773  0.162262  0.098931  0.550034
 0.003695  0.005207  0.920019  0.071079
 0.000083  0.909026  0.090089  0.000802
 0.000000  1.000000  0.000000  0.000000
 0.928781  0.063023  0.005087  0.003109
 0.666518  0.027501  0.257327  0.048654
 0.251065  0.275043  0.277964  0.195929

URL http://jaspar.genereg.net/matrix/MA0671.1

MOTIF Olig2_MOUSE.MA1997.1

letter-probability matrix: alength= 4 w= 10 nsites= 61142 E= 0
 0.309574  0.244889  0.270518  0.175019
 0.278139  0.300252  0.322037  0.099571
 0.000164  0.997154  0.001865  0.000818
 0.976955  0.010925  0.012119  0.000000
 0.000229  0.000294  0.998806  0.000671
 0.000671  0.998806  0.000294  0.000229
 0.000000  0.012119  0.010925  0.976955
 0.000818  0.001865  0.997154  0.000164
 0.099571  0.322037  0.300252  0.278139
 0.175019  0.270518  0.244889  0.309574

URL http://jaspar.genereg.net/matrix/MA1997.1

