MEME version 5.5.2

ALPHABET "DNA" DNA-LIKE
A "Adenine" CC0000 ~ T "Thymine" 008000
C "Cytosine" 0000CC ~ G "Guanine" FFB300
N "Any base" = ACGT
X = ACGT
. = ACGT
V "Not T" = ACG
H "Not G" = ACT
D "Not C" = AGT
B "Not A" = CGT
M "Amino" = AC
R "Purine" = AG
W "Weak" = AT
S "Strong" = CG
Y "Pyrimidine" = CT
K "Keto" = GT
U = T
END ALPHABET

strands: + -

Background letter frequencies (from unknown source):
 A 0.265 C 0.235 G 0.235 T 0.265


MOTIF Ehet_atacGain.STREME-1

letter-probability matrix: alength= 4 w= 7 nsites= 424 P= 4.3e-005 E= 6.5e-004
 0.157070 0.010635 0.797450 0.034845
 0.092302 0.001158 0.883783 0.022757
 0.133214 0.017446 0.817825 0.031514
 0.993215 0.000231 0.000291 0.006264
 0.001477 0.000231 0.000231 0.998061
 0.028862 0.000231 0.000231 0.970677
 0.997716 0.001785 0.000231 0.000269

MOTIF Ehet_atacGain.STREME-4

letter-probability matrix: alength= 4 w= 8 nsites= 427 P= 1.9e-003 E= 2.9e-002
 0.209100 0.545412 0.044011 0.201478
 0.053267 0.000330 0.000330 0.946072
 0.952208 0.000330 0.047077 0.000384
 0.998955 0.000330 0.000330 0.000384
 0.000384 0.000330 0.837034 0.162252
 0.094999 0.904287 0.000330 0.000384
 0.000384 0.998901 0.000330 0.000384
 0.274719 0.103276 0.305520 0.316485

MOTIF Ehom_atacGain.STREME-1

letter-probability matrix: alength= 4 w= 8 nsites= 1295 P= 1.6e-016 E= 3.3e-015
 0.272642 0.027851 0.616847 0.082660
 0.106588 0.001852 0.885011 0.006549
 0.049986 0.008031 0.918043 0.023940
 0.995112 0.000069 0.000069 0.004750
 0.000078 0.000069 0.000069 0.999784
 0.002101 0.000069 0.000069 0.997761
 0.945471 0.000069 0.000069 0.054391
 0.529487 0.117902 0.234562 0.118048

MOTIF Ehom_atacGain.STREME-3

letter-probability matrix: alength= 4 w= 10 nsites= 818 P= 8.2e-008 E= 1.7e-006
 0.121380 0.239807 0.463755 0.175058
 0.084944 0.666704 0.080291 0.168061
 0.053626 0.000072 0.002191 0.944111
 0.947590 0.000072 0.000072 0.052266
 0.999775 0.000072 0.000072 0.000081
 0.000081 0.000072 0.999766 0.000081
 0.078877 0.846638 0.000072 0.074413
 0.016348 0.864506 0.010487 0.108660

MOTIF Ehom_atacGain.MEME-7

letter-probability matrix: alength= 4 w= 15 nsites= 402 E= 7.1e-018
 0.126866 0.350746 0.206468 0.315920
 0.109453 0.390547 0.084577 0.415423
 0.087065 0.452736 0.074627 0.385572
 0.181592 0.276119 0.024876 0.517413
 0.199005 0.310945 0.037313 0.452736
 0.106965 0.460199 0.099502 0.333333
 0.022388 0.335821 0.064677 0.577114
 0.034826 0.000000 0.000000 0.965174
 1.000000 0.000000 0.000000 0.000000
 1.000000 0.000000 0.000000 0.000000
 0.000000 0.000000 0.000000 1.000000
 0.014925 0.863184 0.034826 0.087065
 0.000000 0.828358 0.000000 0.171642
 0.009950 0.597015 0.000000 0.393035
 0.014925 0.375622 0.029851 0.579602

MOTIF Ehom_atacLost.MEME-5

letter-probability matrix: alength= 4 w= 11 nsites= 221 E= 3.5e-022
 0.194570 0.153846 0.000000 0.651584
 0.669683 0.018100 0.203620 0.108597
 1.000000 0.000000 0.000000 0.000000
 0.027149 0.000000 0.416290 0.556561
 0.000000 1.000000 0.000000 0.000000
 0.058824 0.497738 0.022624 0.420814
 0.058824 0.131222 0.325792 0.484163
 0.402715 0.597285 0.000000 0.000000
 0.000000 0.000000 0.000000 1.000000
 0.013575 0.000000 0.000000 0.986425
 0.968326 0.000000 0.000000 0.031674

MOTIF Ehom_atacLost.STREME-1

letter-probability matrix: alength= 4 w= 11 nsites= 209 P= 2.6e-006 E= 2.9e-005
 0.644995 0.030610 0.217570 0.106824
 0.999353 0.000209 0.000209 0.000229
 0.024542 0.020951 0.393205 0.561302
 0.000229 0.956760 0.042782 0.000229
 0.000229 0.680640 0.000209 0.318922
 0.053343 0.000209 0.425355 0.521094
 0.403073 0.596489 0.000209 0.000229
 0.000229 0.000209 0.000209 0.999353
 0.000229 0.000209 0.000209 0.999353
 0.940564 0.000209 0.000209 0.059018

MOTIF Khet_atacGain.MEME-3

letter-probability matrix: alength= 4 w= 11 nsites= 669 E= 2.3e-099
 0.116592 0.026906 0.000000 0.856502
 0.919283 0.000000 0.038864 0.041854
 1.000000 0.000000 0.000000 0.000000
 0.000000 0.031390 0.041854 0.926756
 0.082212 0.408072 0.420030 0.089686
 0.152466 0.334828 0.000000 0.512706
 0.391629 0.197309 0.007474 0.403587
 0.823617 0.044843 0.000000 0.131540
 0.000000 0.000000 0.000000 1.000000
 0.001495 0.000000 0.000000 0.998505
 0.949178 0.000000 0.000000 0.050822

MOTIF Khet_atacGain.STREME-1

letter-probability matrix: alength= 4 w= 14 nsites= 619 P= 3.2e-017 E= 4.8e-016
 0.082388 0.019565 0.010698 0.887349
 0.951931 0.000057 0.021339 0.026672
 0.992721 0.001830 0.001830 0.003618
 0.012485 0.035528 0.030205 0.921781
 0.153345 0.370745 0.384653 0.091257
 0.000071 0.318273 0.000057 0.681599
 0.361903 0.239503 0.067154 0.331440
 0.827776 0.028432 0.026662 0.117130
 0.003618 0.000057 0.000057 0.996268
 0.016032 0.000057 0.000057 0.983854
 0.891626 0.012471 0.024889 0.071014
 0.230657 0.152590 0.287820 0.328932
 0.306614 0.299813 0.180970 0.212603
 0.270396 0.170315 0.191303 0.367986

MOTIF Khet_atacLost.STREME-2

letter-probability matrix: alength= 4 w= 8 nsites= 398 P= 2.8e-004 E= 4.2e-003
 0.152590 0.000189 0.847015 0.000206
 0.104911 0.000189 0.854416 0.040484
 0.960367 0.000189 0.000189 0.039254
 0.000206 0.000189 0.000189 0.999415
 0.005462 0.000189 0.000189 0.994160
 0.880808 0.000189 0.000189 0.118813
 0.557265 0.201081 0.092637 0.149017
 0.652262 0.035736 0.251327 0.060676

MOTIF Khom_atacGain.MEME-3

letter-probability matrix: alength= 4 w= 11 nsites= 1000 E= 4.7e-066
 0.000000 0.000000 0.000000 1.000000
 0.979000 0.000000 0.000000 0.021000
 1.000000 0.000000 0.000000 0.000000
 0.000000 0.010000 0.000000 0.990000
 0.204000 0.238000 0.413000 0.145000
 0.000000 0.044000 0.000000 0.956000
 0.600000 0.301000 0.001000 0.098000
 0.997000 0.000000 0.000000 0.003000
 0.000000 0.000000 0.000000 1.000000
 0.000000 0.000000 0.000000 1.000000
 1.000000 0.000000 0.000000 0.000000

MOTIF Khom_atacGain.MEME-7

letter-probability matrix: alength= 4 w= 11 nsites= 1000 E= 1.7e-010
 0.000000 0.000000 0.000000 1.000000
 0.973000 0.000000 0.027000 0.000000
 1.000000 0.000000 0.000000 0.000000
 0.280000 0.000000 0.000000 0.720000
 0.779000 0.014000 0.112000 0.095000
 0.048000 0.000000 0.718000 0.234000
 0.018000 0.278000 0.582000 0.122000
 1.000000 0.000000 0.000000 0.000000
 0.000000 0.000000 0.000000 1.000000
 0.000000 0.000000 0.000000 1.000000
 0.767000 0.000000 0.013000 0.220000

MOTIF Khom_atacGain.STREME-1

letter-probability matrix: alength= 4 w= 13 nsites= 3625 P= 3.2e-045 E= 1.3e-043
 0.275048 0.231239 0.127165 0.366548
 0.083464 0.014878 0.004854 0.896804
 0.905830 0.000011 0.013022 0.081137
 0.992281 0.003165 0.000506 0.004048
 0.075942 0.028106 0.034756 0.861196
 0.163808 0.181547 0.278676 0.375969
 0.418770 0.081230 0.081230 0.418770
 0.375969 0.278676 0.181547 0.163808
 0.861196 0.034756 0.028106 0.075942
 0.004048 0.000506 0.003165 0.992281
 0.081137 0.013022 0.000011 0.905830
 0.896804 0.004854 0.014878 0.083464
 0.366548 0.127165 0.231239 0.275048

MOTIF Khom_atacGain.STREME-2

letter-probability matrix: alength= 4 w= 10 nsites= 3255 P= 3.8e-038 E= 1.5e-036
 0.258596 0.055764 0.516748 0.168892
 0.063219 0.453219 0.130073 0.353489
 0.000024 0.000019 0.000019 0.999937
 0.995862 0.004094 0.000019 0.000024
 0.999937 0.000019 0.000019 0.000024
 0.000024 0.000019 0.000019 0.999937
 0.000024 0.000019 0.004094 0.995862
 0.999937 0.000019 0.000019 0.000024
 0.353489 0.130073 0.453219 0.063219
 0.168892 0.516748 0.055764 0.258596

MOTIF Khom_atacGain.STREME-6

letter-probability matrix: alength= 4 w= 12 nsites= 1110 P= 2.2e-010 E= 8.9e-009
 0.135733 0.063557 0.018576 0.782135
 0.874306 0.000038 0.068636 0.057020
 0.999875 0.000038 0.000038 0.000048
 0.316473 0.081208 0.073986 0.528333
 0.976040 0.000038 0.000038 0.023883
 0.000048 0.000038 0.999865 0.000048
 0.000048 0.173098 0.756321 0.070532
 0.919734 0.069308 0.004898 0.006061
 0.000048 0.007254 0.000038 0.992660
 0.064066 0.071023 0.020010 0.844901
 0.697040 0.037549 0.041504 0.223907
 0.291873 0.176937 0.285641 0.245549

MOTIF Khom_atacLost.STREME-1

letter-probability matrix: alength= 4 w= 9 nsites= 1179 P= 3.9e-012 E= 1.1e-010
 0.253811 0.114046 0.550022 0.082122
 0.159066 0.058882 0.771024 0.011029
 0.013193 0.000064 0.986673 0.000070
 0.999802 0.000064 0.000064 0.000070
 0.000070 0.000064 0.000064 0.999802
 0.000070 0.000064 0.000064 0.999802
 0.999802 0.000064 0.000064 0.000070
 0.397539 0.197868 0.163007 0.241587
 0.573708 0.160059 0.235765 0.030468


MOTIF Khom_atacLost.STREME-7

letter-probability matrix: alength= 4 w= 13 nsites= 671 P= 3.1e-005 E= 9.0e-004
 0.184346 0.501785 0.147996 0.165873
 0.160580 0.037174 0.024632 0.777613
 0.800355 0.016278 0.066369 0.116999
 0.955718 0.002646 0.018522 0.023114
 0.051779 0.017244 0.803651 0.127326
 0.079169 0.827291 0.056357 0.037183
 0.401443 0.098557 0.098557 0.401443
 0.037183 0.056357 0.827291 0.079169
 0.127326 0.803651 0.017244 0.051779
 0.023114 0.018522 0.002646 0.955718
 0.116999 0.066369 0.016278 0.800355
 0.777613 0.024632 0.037174 0.160580
 0.165873 0.147996 0.501785 0.184346

